7.82637e-06 0.180896 0.682494 0.171179 0.48418 0.997599 0.33851 0.644898 0.370837 0.877797 0.739932 0.384766 0.282594 0.745794 0.0918404 0.676851 0.693285 0.682644 0.380316 0.0374919 0.154432 0.240489 0.630569 0.938371 0.0199055 0.512551 0.774475 0.924671 0.385907 0.373031 0.127929 0.509371 0.365579 0.0325512 0.376606 0.866746 0.487266 0.499089 0.0605141 0.927735 0.37746 0.977694 0.604762 0.127065 0.810894 0.00765485 0.268917 0.571102 0.175131 0.975743 0.404535 0.187751 0.258804 0.881481 0.108489 0.69325 0.746865 0.152877 0.182394 0.878146 0.251105 0.967051 0.0491847 0.534209 0.178965 0.54832 0.238185 0.833638 0.0534606 0.830859 0.0612877 0.707356 0.457688 0.173757 0.170773 0.706557 0.84221 0.0764633 0.173325 0.587417 0.806916 0.812894 0.22632 0.0868493 0.621742 0.0440555 0.945552 0.460116 0.8878 0.66335 0.539932 0.429443 0.84082 0.518419 0.636863 0.860692 0.628489 0.875984 0.194761 0.111942 0.05315 0.532546 0.658986 0.638539 0.47028 0.674083 0.896003 0.988275 0.611255 0.556572 0.683904 0.0965293 0.514198 0.561886 0.617687 0.599079 0.624318 0.0330361 0.174767 0.939339 0.888712 0.20996 0.74156 0.0652888 0.521496 0.701718 0.279352 0.68948 
0.180896 0.31754 0.680562 0.00425392 0.621046 0.639523 0.330758 0.799035 0.661425 0.129609 0.0312551 0.759196 0.549228 0.56569 0.562306 0.835845 0.0346696 0.192756 0.962922 0.12716 0.535012 0.901834 0.968442 0.194742 0.551991 0.446475 0.608748 0.949752 0.932158 0.537696 0.110995 0.989939 0.29288 0.0875512 0.612789 0.393658 0.479531 0.181561 0.0606574 0.435318 0.965036 0.0999214 0.242507 0.578656 0.687918 0.655125 0.692129 0.50889 0.432668 0.308154 0.0269755 0.534859 0.72531 0.0587614 0.373822 0.449922 0.554929 0.406357 0.493506 0.991701 0.323088 0.224073 0.648013 0.447904 0.863934 0.615458 0.171245 0.957587 0.512615 0.252383 0.062636 0.532225 0.363105 0.338814 0.182806 0.10871 0.0316537 0.1189 0.0756377 0.724481 0.843876 0.309883 0.765977 0.676604 0.618712 0.440031 0.892226 0.168221 0.247323 0.92859 0.635758 0.646702 0.65641 0.0620457 0.759745 0.654075 0.0130904 0.667009 0.342668 0.411398 0.291683 0.496088 0.572751 0.924813 0.996981 0.306577 0.124721 0.94294 0.365707 0.310563 0.371044 0.367419 0.122121 0.625997 0.466423 0.715566 0.9127 0.2374 0.311313 0.47755 0.575666 0.791705 0.396891 0.308601 0.786865 0.780556 0.0649805 0.0844516 
0.682494 0.680562 0.205262 0.495691 0.914025 0.468075 0.0556062 0.377364 0.57643 0.343425 0.303932 0.814225 0.882302 0.554309 0.679043 0.0504922 0.692757 0.651416 0.829065 0.18577 0.93921 0.115747 0.600412 0.0302937 0.312989 0.89939 0.231509 0.477922 0.77224 0.0635274 0.496625 0.89812 0.442131 0.473728 0.152248 0.216028 0.47741 0.494565 0.46945 0.397239 0.357354 0.379404 0.821302 0.475475 0.832469 0.686429 0.605786 0.90807 0.856221 0.148561 0.376828 0.375018 0.284661 0.602618 0.822003 0.846916 0.684943 0.640445 0.353881 0.514424 0.132514 0.990213 0.147521 0.915418 0.140897 0.00908298 0.11743 0.169741 0.524158 0.794497 0.723043 0.0994546 0.703304 0.439413 0.422621 0.089054 0.00411065 0.344453 0.242042 0.348668 0.0261618 0.197265 0.77232 0.679801 0.699313 0.598092 0.645259 0.291587 0.757496 0.813243 0.190776 0.126474 0.277668 0.802016 0.0287022 0.0321981 0.0111125 0.416022 0.213231 0.362958 0.323377 0.757367 0.226454 0.328405 0.263933 0.644726 0.180424 0.98977 0.437525 0.631653 0.142274 0.21312 0.483511 0.128327 0.167878 0.51754 0.751141 0.981731 0.232914 0.187752 0.224002 0.190077 0.544727 0.65246 0.831517 0.797448 0.12792 0.378229 
0.171179 0.00425392 0.495691 0.0799169 0.0179445 0.931915 0.573183 0.357672 0.0599598 0.94207 0.192647 0.672739 0.851649 0.268586 0.667623 0.622814 0.171729 0.344397 0.0995498 0.23412 0.30614 0.367556 0.131947 0.145493 0.407436 0.0529167 0.970521 0.431935 0.034999 0.705868 0.769987 0.709069 0.893969 0.953985 0.824957 0.787759 0.822263 0.159145 0.0383465 0.398257 0.0441685 0.647703 0.626484 0.316707 0.306998 0.808624 0.44907 0.927345 0.509879 0.863396 0.355234 0.922921 0.301501 0.206381 0.41129 0.120081 0.837074 0.958173 0.675365 0.929289 0.164426 0.515694 0.390126 0.435764 0.0625125 0.6577 0.64145 0.832466 0.52128 0.108151 0.18253 0.533242 0.426729 0.215279 0.992302 0.730799 0.0876894 0.222591 0.00767429 0.0651951 0.700796 0.437069 0.388343 0.407317 0.355128 0.140592 0.863853 0.699984 0.242584 0.177828 0.367949 0.647166 0.759335 0.489231 0.3976 0.153011 0.767529 0.0796738 0.777404 0.240799 0.98887 0.072387 0.00858379 0.494797 0.928502 0.906143 0.383065 0.0565535 0.47914 0.197848 0.191547 0.910158 0.371289 0.784955 0.518872 0.296943 0.4325 0.955357 0.585151 0.551952 0.801975 0.626165 0.228602 0.900054 0.310252 0.711312 0.950523 0.900224 
0.48418 0.621046 0.914025 0.0179445 0.593546 0.690773 0.485286 0.3895 0.744468 0.362191 0.813189 0.721585 0.670468 0.117163 0.745264 0.633692 0.250726 0.273417 0.132749 0.847198 0.291508 0.514668 0.628793 0.30218 0.782501 0.371447 0.554465 0.529306 0.22827 0.518765 0.174617 0.330219 0.939054 0.623359 0.0516574 0.867225 0.781637 0.747213 0.488806 0.497261 0.340383 0.95143 0.322739 0.887706 0.723591 0.540096 0.515433 0.895526 0.534667 0.0944833 0.417933 0.54177 0.329075 0.652686 0.556444 0.206119 0.708695 0.0214257 0.857158 0.566705 0.506036 0.267149 0.855608 0.885556 0.648288 0.955818 0.847314 0.247784 0.150178 0.697708 0.787571 0.200494 0.0324544 0.19164 0.625397 0.546974 0.796337 0.0884203 0.98186 0.73453 0.278099 0.810582 0.874134 0.772963 0.633419 0.922912 0.77169 0.631627 0.11648 0.75853 0.120475 0.916153 0.146467 0.501339 0.470541 0.657424 0.860176 0.0777554 0.833621 0.113992 0.940422 0.608593 0.267824 0.046299 0.332964 0.538582 0.16738 0.495102 0.9092 0.231151 0.327454 0.0219749 0.261206 0.740077 0.690525 0.71551 0.0196945 0.682535 0.627234 0.653547 0.791009 0.949991 0.112572 0.210588 0.403827 0.0166836 0.445817 0.0674631 
0.997599 0.639523 0.468075 0.931915 0.690773 0.815407 0.202482 0.334307 0.279493 0.35206 0.274869 0.683365 0.55761 0.16162 0.652465 0.457732 0.947031 0.317012 0.104408 0.857696 0.366519 0.0167438 0.128038 0.730906 0.495659 0.913758 0.885974 0.0482018 0.533905 0.883197 0.785078 0.991622 0.674899 0.801219 0.206065 0.447321 0.967335 0.411338 0.36776 0.46757 0.814583 0.690285 0.269123 0.66966 0.388602 0.400932 0.884727 0.106089 0.145224 0.980114 0.200345 0.530547 0.769167 0.700703 0.162389 0.242887 0.0330363 0.100962 0.256628 0.602692 0.940519 0.981525 0.203701 0.543179 0.777969 0.437184 0.805945 0.508686 0.035963 0.383464 0.710341 0.703376 0.461208 0.900249 0.0447072 0.984619 0.0287587 0.0805979 0.126008 0.246358 0.00976976 0.449017 0.561824 0.195486 0.874658 0.388201 0.789552 0.750861 0.683506 0.617069 0.829137 0.786158 0.67053 0.99846 0.378637 0.328297 0.980618 0.835579 0.671494 0.862668 0.675721 0.616899 0.315391 0.146601 0.120579 0.940008 0.153548 0.172258 0.917404 0.960958 0.518492 0.331304 0.0825309 0.475305 0.657186 0.578063 0.0062466 0.374088 0.914318 0.164945 0.489107 0.498328 0.000600638 0.350651 0.112275 0.402086 0.838461 0.852533 
0.33851 0.330758 0.0556062 0.573183 0.485286 0.202482 0.114475 0.693589 0.442624 0.0806552 0.717761 0.313986 0.757833 0.354305 0.981988 0.109521 0.74343 0.0227274 0.785494 0.290794 0.0917451 0.412705 0.927167 0.332748 0.539436 0.527377 0.562727 0.127549 0.339061 0.898846 0.807968 0.18845 0.0240582 0.087403 0.328713 0.124615 0.997172 0.359508 0.935323 0.441869 0.691295 0.614491 0.158154 0.975549 0.240848 0.464394 0.607827 0.0349771 0.776973 0.768021 0.206341 0.897916 0.385462 0.722804 0.271102 0.207823 0.240366 0.870862 0.142864 0.45248 0.296101 0.486757 0.603737 0.203169 0.327868 0.749941 0.518547 0.478735 0.429582 0.873342 0.707407 0.632178 0.526739 0.483936 0.394107 0.499359 0.348011 0.60949 0.819615 0.535233 0.200318 0.620926 0.578523 0.538882 0.370011 0.496068 0.00838072 0.713457 0.691903 0.0853936 0.306877 0.960598 0.596389 0.113806 0.746928 0.694575 0.251555 0.582833 0.805895 0.8664 0.851179 0.220872 0.776186 0.929134 0.56789 0.706637 0.684139 0.136324 0.815432 0.816923 0.303237 0.22282 0.0968667 0.450565 0.330854 0.500854 0.986533 0.29482 0.944182 0.233658 0.425245 0.393704 0.0949207 0.39695 0.0104528 0.852916 0.0123119 0.518922 
0.644898 0.799035 0.377364 0.357672 0.3895 0.334307 0.693589 0.144897 0.17642 0.571891 0.408626 0.168483 0.901996 0.80831 0.279692 0.725235 0.820092 0.980141 0.794239 0.368625 0.96046 0.327499 0.892666 0.487891 0.29497 0.630692 0.760733 0.713588 0.598839 0.90501 0.521226 0.271071 0.345987 0.982149 0.673403 0.399721 0.467219 0.25483 0.974732 0.498195 0.596045 0.749464 0.0883323 0.0549204 0.939181 0.0623604 0.752962 0.860525 0.581801 0.13563 0.974719 0.267447 0.460753 0.162821 0.404617 0.881592 0.834553 0.580398 0.120744 0.836239 0.566374 0.924057 0.00987534 0.665695 0.477669 0.249843 0.2239 0.0939503 0.988376 0.255016 0.383828 0.00873537 0.901217 0.504391 0.753276 0.729566 0.0249195 0.706123 0.265804 0.661455 0.75267 0.904769 0.242299 0.993846 0.782189 0.410283 0.854689 0.0741912 0.820805 0.209542 0.678099 0.766263 0.505378 0.741911 0.612975 0.72427 0.888768 0.671066 0.679913 0.577625 0.760122 0.195242 0.349868 0.955131 0.531117 0.449273 0.330084 0.190959 0.971969 0.0276679 0.511376 0.941342 0.0377723 0.645083 0.664676 0.852634 0.660611 0.0464409 0.870452 0.0941932 0.100937 0.983318 0.331414 0.546604 0.680436 0.965675 0.925642 0.52156 
0.370837 0.661425 0.57643 0.0599598 0.744468 0.279493 0.442624 0.17642 0.0918009 0.776393 0.785073 0.688042 0.85338 0.265734 0.782769 0.0175173 0.288709 0.228337 0.780114 0.478682 0.44533 0.28093 0.0298451 0.988146 0.555356 0.0337345 0.635225 0.272454 0.682779 0.507012 0.244401 0.890597 9.22061e-05 0.978365 0.890722 0.11628 0.555962 0.933212 0.319666 0.16189 0.732186 0.246707 0.600084 0.0469367 0.812437 0.0918359 0.0307858 0.836316 0.335454 0.538583 0.108268 0.982496 0.880478 0.532665 0.401591 0.911388 0.329774 0.754612 0.346204 0.668893 0.0416345 0.628923 0.974799 0.331229 0.178303 0.108555 0.0906218 0.0222626 0.6273 0.0596196 0.989258 0.815354 0.749995 0.300537 0.306933 0.813247 0.822148 0.813336 0.367559 0.072794 0.123754 0.453132 0.324238 0.575642 0.252164 0.634558 0.765217 0.931939 0.275506 0.774223 0.803831 0.585201 0.885201 0.304915 0.278522 0.81039 0.528472 0.602333 0.292212 0.144912 0.369 0.425851 0.23857 0.889705 0.490109 0.93371 0.716246 0.445536 0.888079 0.0137786 0.692883 0.133701 0.839848 0.910987 0.216274 0.216227 0.881583 0.531711 0.691479 0.104779 0.445593 0.620971 0.0808865 0.775476 0.0887455 0.0914853 0.268812 0.865683 
0.877797 0.129609 0.343425 0.94207 0.362191 0.35206 0.0806552 0.571891 0.776393 0.844201 0.722293 0.920936 0.759697 0.191671 0.00518158 0.412836 0.332639 0.662178 0.380101 0.201087 0.659514 0.583021 0.606931 0.764767 0.863532 0.975788 0.221052 0.134334 0.46299 0.343673 0.64159 0.262741 0.549707 0.379801 0.365429 0.310842 0.0577062 0.494654 0.623359 0.878424 0.851937 0.407929 0.606107 0.865487 0.624756 0.485623 0.417731 0.956182 0.981613 0.962743 0.656163 0.818003 0.192192 0.505203 0.5424 0.701676 0.510935 0.757476 0.656681 0.0795083 0.750964 0.308253 0.446913 0.961429 0.74145 0.490159 0.0805647 0.167233 0.0263826 0.0264212 0.459561 0.654658 0.170983 0.129681 0.617607 0.234742 0.842998 0.745223 0.572504 0.449559 0.934556 0.794784 0.465071 0.808054 0.115211 0.023764 0.005939 0.0924375 0.425119 0.35849 0.989445 0.471926 0.56809 0.711005 0.120582 0.225789 0.0289439 0.405874 0.202322 0.53786 0.790531 0.282355 0.641852 0.268122 0.26904 0.855228 0.944227 0.11952 0.940726 0.577046 0.284411 0.109607 0.322589 0.958837 0.917108 0.121675 0.765982 0.464684 0.69427 0.0128889 0.0800662 0.657407 0.459163 0.416682 0.546221 0.592892 0.918415 0.526386 
0.739932 0.0312551 0.303932 0.192647 0.813189 0.274869 0.717761 0.408626 0.785073 0.722293 0.577059 0.165764 0.23395 0.414449 0.0868126 0.538175 0.65555 0.221213 0.351053 0.66524 0.446813 0.826259 0.684658 0.444876 0.374031 0.0648155 0.224336 0.75973 0.475311 0.110128 0.203223 0.896049 0.928968 0.32117 0.758976 0.323632 0.867674 0.647822 0.791851 0.673662 0.501725 0.0661573 0.847324 0.242246 0.271585 0.871794 0.798113 0.54644 0.971474 0.823912 0.136493 0.168887 0.17308 0.954499 0.118419 0.0758301 0.292871 0.891306 0.845857 0.296827 0.452132 0.803423 0.274061 0.732951 0.555589 0.109029 0.0513295 0.68519 0.411575 0.0614846 0.838649 0.842192 0.711606 0.541454 0.126071 0.301326 0.267985 0.962899 0.0809982 0.745213 0.0839661 0.932153 0.441017 0.963148 0.352416 0.400848 0.816786 0.59777 0.966576 0.13644 0.599351 0.656255 0.889585 0.863458 0.62003 0.835182 0.460715 0.530346 0.425678 0.818738 0.454157 0.532642 0.614533 0.332368 0.755512 0.81077 0.624539 0.7768 0.785206 0.415452 0.0874082 0.166069 0.756906 0.168304 0.835005 0.991907 0.861111 0.943886 0.596378 0.623038 0.672614 0.0476047 0.148848 0.179939 0.339218 0.730354 0.802246 0.970285 
0.384766 0.759196 0.814225 0.672739 0.721585 0.683365 0.313986 0.168483 0.688042 0.920936 0.165764 0.00381843 0.99829 0.648154 0.0591972 0.102257 0.835034 0.928902 0.139837 0.689656 0.583682 0.930085 0.0388291 0.0281228 0.333977 0.353456 0.416761 0.788174 0.558232 0.915872 0.574008 0.895055 0.165453 0.908002 0.110153 0.28568 0.00155961 0.944509 0.636671 0.233887 0.49192 0.905226 0.96788 0.425935 0.524123 0.246676 0.888306 0.0158273 0.563232 0.482734 0.0379572 0.476721 0.954545 0.270253 0.268454 0.477315 0.280352 0.174397 0.313972 0.776394 0.983054 0.134085 0.137617 0.712712 0.780848 0.443238 0.694148 0.981137 0.341894 0.371359 0.172013 0.71971 0.969766 0.220527 0.874742 0.378972 0.0252322 0.450551 0.336036 0.78816 0.218042 0.696488 0.172026 0.63495 0.0572699 0.0594272 0.716964 0.71788 0.249237 0.143802 0.300034 0.671001 0.248833 0.134709 0.835862 0.897666 0.23402 0.530597 0.378005 0.531881 0.0235105 0.110974 0.453681 0.102208 0.885941 0.619181 0.620443 0.674203 0.953857 0.495001 0.0701252 0.124314 0.317386 0.689556 0.927418 0.980496 0.684549 0.893359 0.330834 0.401353 0.626607 0.0918034 0.696077 0.227283 0.238931 0.0646202 0.348085 0.572611 
0.282594 0.549228 0.882302 0.851649 0.670468 0.55761 0.757833 0.901996 0.85338 0.759697 0.23395 0.99829 0.261283 0.529665 0.926769 0.640354 0.424314 0.0617473 0.243357 0.0435392 0.948445 0.935912 0.600775 0.659586 0.152191 0.541551 0.499441 0.846757 0.210435 0.0560806 0.343845 0.181835 0.771272 0.792467 0.336829 0.422255 0.212326 0.366489 0.522578 0.945581 0.701251 0.125001 0.166922 0.689285 0.937589 0.891271 0.762687 0.00874296 0.247781 0.312343 0.946729 0.245287 0.0466289 0.142609 0.905157 0.230075 0.87635 0.094225 0.92819 0.854908 0.187896 0.573045 0.932472 0.550545 0.720054 0.493962 0.552968 0.967517 0.206025 0.427585 0.0191603 0.170951 0.853606 0.402492 0.795788 0.389153 0.0776411 0.405964 0.751974 0.606355 0.630803 0.880748 0.240694 0.610546 0.535345 0.793246 0.00798049 0.414877 0.930229 0.885971 0.670776 0.520541 0.136111 0.062149 0.332766 0.0655007 0.170892 0.739485 0.122537 0.327601 0.1413 0.133035 0.0168843 0.807582 0.0142399 0.580467 0.778274 0.337168 0.472744 0.483977 0.594641 0.352652 0.31354 0.374316 0.10722 0.201062 0.216514 0.682025 0.32945 0.538171 0.385159 0.93939 0.96867 0.953734 0.719467 0.0714919 0.260085 0.879349 
0.745794 0.56569 0.554309 0.268586 0.117163 0.16162 0.354305 0.80831 0.265734 0.191671 0.414449 0.648154 0.529665 0.0728548 0.214659 0.435772 0.441389 0.786237 0.0968658 0.763624 0.516958 0.872381 0.232868 0.656879 0.866305 0.847888 0.103751 0.452174 0.773404 0.546813 0.00391206 0.103718 0.773447 0.995481 0.0790915 0.842897 0.569258 0.577052 0.974157 0.376475 0.921683 0.895451 0.453622 0.817741 0.0619379 0.599073 0.474819 0.942885 0.44883 0.544052 0.667575 0.533895 0.691193 0.827182 0.978869 0.865555 0.821439 0.639382 0.0833326 0.43699 0.971145 0.174558 0.0533173 0.00488096 0.954685 0.0155989 0.735114 0.0511385 0.656568 0.422173 0.0275149 0.170757 0.548779 0.679655 0.810282 0.492893 0.914652 0.0369459 0.430814 0.00593535 0.911461 0.724356 0.336146 0.444879 0.536293 0.0912114 0.128089 0.839375 0.360537 0.51512 0.737736 0.726646 0.617423 0.53821 0.796219 0.870194 0.173467 0.525806 0.487118 0.99294 0.829004 0.918963 0.77482 0.0258873 0.329464 0.907788 0.453889 0.781548 0.400877 0.199279 0.139228 0.0274618 0.659637 0.121093 0.0495247 0.25135 0.947571 0.801279 0.0581945 0.045258 0.370131 0.323409 0.4437 0.403342 0.0731422 0.564707 0.247411 0.220533 
0.0918404 0.562306 0.679043 0.667623 0.745264 0.652465 0.981988 0.279692 0.782769 0.00518158 0.0868126 0.0591972 0.926769 0.214659 0.781356 0.0278005 0.431431 0.28849 0.0243423 0.227704 0.504574 0.109592 0.806936 0.167258 0.987988 0.449394 0.74424 0.684132 0.608702 0.288451 0.749962 0.182565 0.327444 0.0451333 0.290278 0.570657 0.524466 0.50936 0.657418 0.414362 0.732871 0.849683 0.0205014 0.768534 0.991034 0.619881 0.279319 0.0629161 0.477731 0.887207 0.93529 0.1734 0.875144 0.452553 0.844067 0.376193 0.918022 0.0961213 0.570728 0.485398 0.0361644 0.80207 0.103682 0.0343356 0.385422 0.171521 0.0690617 0.48522 0.945082 0.469244 0.442926 0.919378 0.333315 0.958289 0.40734 0.0454255 0.553498 0.949428 0.691408 0.75545 0.916532 0.259278 0.607176 0.0770611 0.476095 0.989891 0.798602 0.368611 0.542223 0.616367 0.120587 0.740291 0.028394 0.700615 0.0508474 0.342937 0.453649 0.222792 0.986378 0.342639 0.0630098 0.0181636 0.405028 0.087887 0.303035 0.192869 0.519693 0.485013 0.545312 0.277671 0.00730318 0.550665 0.519502 0.213375 0.36217 0.445268 0.822832 0.0901331 0.0743425 0.650643 0.783869 0.528819 0.262032 0.968163 0.300263 0.0228412 0.230552 0.498514 
0.676851 0.835845 0.0504922 0.622814 0.633692 0.457732 0.109521 0.725235 0.0175173 0.412836 0.538175 0.102257 0.640354 0.435772 0.0278005 0.242478 0.0590458 0.65124 0.121003 0.0131423 0.37191 0.916494 0.16727 0.109731 0.110149 0.961115 0.439634 0.21142 0.447189 0.994419 0.612752 0.367192 0.351501 0.555297 0.703097 0.0305042 0.698642 0.816921 0.227024 0.187558 0.360214 0.616158 0.567474 0.749951 0.302743 0.336542 0.512768 0.430917 0.224446 0.283791 0.412157 0.338477 0.54564 0.0657147 0.228274 0.672983 0.192494 0.511387 0.230764 0.0761148 0.814878 0.398702 0.587581 0.0777678 0.786112 0.754585 0.7193 0.0867626 0.994441 0.584233 0.25517 0.99221 0.0257935 0.968298 0.161644 0.466939 0.63397 0.0308236 0.485973 0.855318 0.160532 0.68497 0.805804 0.165375 0.726913 0.0956358 0.0992241 0.245127 0.149619 0.28805 0.708256 0.0747618 0.218195 0.230409 0.592041 0.747657 0.472819 0.466688 0.0626942 0.734884 0.00501126 0.275899 0.301248 0.116541 0.102507 0.557504 0.484971 0.60856 0.0537476 0.815028 0.744518 0.0265574 0.262267 0.195705 0.991249 0.61168 0.334268 0.866641 0.473904 0.362211 0.488397 0.863964 0.978758 0.919649 0.52873 0.892522 0.890455 0.516778 
0.693285 0.0346696 0.692757 0.171729 0.250726 0.947031 0.74343 0.820092 0.288709 0.332639 0.65555 0.835034 0.424314 0.441389 0.431431 0.0590458 0.383153 0.384612 0.703856 0.88286 0.687722 0.515788 0.299106 0.248455 0.274053 0.456171 0.926089 0.340302 0.911083 0.20728 0.515792 0.398931 0.681452 0.881729 0.945818 0.684601 0.0800924 0.992238 0.595597 0.289952 0.110762 0.760126 0.535854 0.419699 0.207809 0.266274 0.0846641 0.42361 0.266054 0.682469 0.120379 0.784924 0.575666 0.466183 0.597588 0.833207 0.240646 0.874564 0.451328 0.260956 0.658637 0.981548 0.469924 0.0433147 0.191602 0.307076 0.278025 0.218935 0.574799 0.206774 0.645585 0.0727626 0.512102 0.178065 0.756659 0.840661 0.138003 0.0521517 0.740342 0.32907 0.0690579 0.292874 0.155007 0.456959 0.218915 0.350424 0.66005 0.850413 0.644664 0.2523 0.661348 0.520861 0.209263 0.485076 0.425473 0.878023 0.662402 0.629925 0.702036 0.187793 0.224326 0.0404197 0.072587 0.699236 0.830804 0.978086 0.901056 0.0635903 0.336429 0.169367 0.112681 0.349618 0.928343 0.220931 0.925546 0.510047 0.0454088 0.643455 0.908337 0.67889 0.488021 0.642505 0.989671 0.537765 0.369636 0.618408 0.883408 0.479987 
0.682644 0.192756 0.651416 0.344397 0.273417 0.317012 0.0227274 0.980141 0.228337 0.662178 0.221213 0.928902 0.0617473 0.786237 0.28849 0.65124 0.384612 0.181159 0.713279 0.235599 0.538491 0.854533 0.0683144 0.778219 0.0144928 0.858274 0.781586 0.456332 0.567101 0.760099 0.90895 0.837568 0.160616 0.221584 0.365035 0.0845912 0.113544 0.542212 0.191401 0.2296 0.582336 0.437387 0.0943025 0.873171 0.651183 0.258997 0.9502 0.613084 0.563401 0.263847 0.201589 0.215648 0.217467 0.141993 0.662043 0.718055 0.54083 0.802624 0.472408 0.888481 0.709415 0.870531 0.015522 0.990344 0.257814 0.0231358 0.763068 0.635221 0.643093 0.248046 0.347766 0.920606 0.903663 0.739601 0.165998 0.987266 0.416822 0.514296 0.936351 0.687006 0.655453 0.337938 0.206494 0.106533 0.310951 0.582902 0.46452 0.891215 0.871473 0.401231 0.271563 0.111235 0.0880666 0.664987 0.926208 0.933984 0.989845 0.158027 0.112911 0.236329 0.244722 0.334307 0.970018 0.060662 0.319065 0.682822 0.0475422 0.762326 0.366031 0.558003 0.824012 0.0221759 0.665995 0.182421 0.655327 0.36512 0.185283 0.552004 0.428392 0.0986881 0.168807 0.58243 0.401676 0.220116 0.474926 0.578261 0.435387 0.146766 
0.380316 0.962922 0.829065 0.0995498 0.132749 0.104408 0.785494 0.794239 0.780114 0.380101 0.351053 0.139837 0.243357 0.0968658 0.0243423 0.121003 0.703856 0.713279 0.088807 0.714594 0.419649 0.133405 0.1602 0.527545 0.579989 0.0185558 0.118925 0.571238 0.263003 0.986988 0.715646 0.0125978 0.475018 0.157518 0.148872 0.724418 0.334053 0.951753 0.877683 0.889076 0.329087 0.167724 0.942825 0.392467 0.438905 0.965818 0.00980828 0.110699 0.0853325 0.475732 0.103068 0.391197 0.967922 0.480652 0.959345 0.348028 0.737145 0.709358 0.7673 0.706192 0.140946 0.0110366 0.878589 0.703133 0.073058 0.84371 0.888356 0.160453 0.457312 0.91015 0.905228 0.632263 0.856849 0.469915 0.935348 0.97271 0.530776 0.766934 0.252882 0.501762 0.192749 0.731396 0.550135 0.503267 0.155276 0.841695 0.185474 0.652419 0.848376 0.48803 0.159156 0.52776 0.134772 0.428847 0.77569 0.467628 0.320027 0.952868 0.701719 0.975431 0.035782 0.692665 0.0969065 0.546336 0.518647 0.180692 0.0411994 0.410173 0.884036 0.350727 0.163416 0.710793 0.383127 0.944759 0.0880115 0.575533 0.0587412 0.525162 0.987478 0.650146 0.138678 0.904598 0.961336 0.491737 0.0802369 0.839599 0.543027 0.699301 
0.0374919 0.12716 0.18577 0.23412 0.847198 0.857696 0.290794 0.368625 0.478682 0.201087 0.66524 0.689656 0.0435392 0.763624 0.227704 0.0131423 0.88286 0.235599 0.714594 0.184213 0.0443746 0.136231 0.484787 0.444013 0.870389 0.867784 0.774786 0.803589 0.29403 0.299554 0.860036 0.730861 0.629866 0.410441 0.0835137 0.298354 0.433406 0.106304 0.217737 0.693273 0.973169 0.933463 0.0570476 0.192842 0.680991 0.505842 0.847724 0.5114 0.183912 0.63104 0.262111 0.849135 0.860565 0.312788 0.718902 0.308539 0.192963 0.174288 0.0146505 0.968477 0.880118 0.491502 0.448908 0.552784 0.885913 0.237783 0.602871 0.727243 0.0510989 0.883871 0.171999 0.446854 0.0671501 0.867056 0.394953 0.342227 0.758859 0.859681 0.189945 0.116081 0.53485 0.565399 0.116674 0.400247 0.731928 0.366994 0.26839 0.20364 0.649597 0.32704 0.935915 0.0700639 0.115696 0.635532 0.0265795 0.422373 0.692544 0.8569 0.796694 0.0723445 0.387559 0.623438 0.706755 0.265577 0.906663 0.885097 0.438247 0.778825 0.993589 0.677039 0.526195 0.292043 0.209062 0.55967 0.209022 0.975377 0.26293 0.396873 0.549752 0.00590254 0.755799 0.582224 0.182485 0.628884 0.541659 0.136131 0.661978 0.149858 
0.154432 0.535012 0.93921 0.30614 0.291508 0.366519 0.0917451 0.96046 0.44533 0.659514 0.446813 0.583682 0.948445 0.516958 0.504574 0.37191 0.687722 0.538491 0.419649 0.0443746 0.803778 0.637065 0.812857 0.527825 0.619807 0.847088 0.827872 0.919091 0.765875 0.602776 0.631432 0.5769 0.15525 0.281906 0.615335 0.430951 0.259913 0.657717 0.503311 0.840709 0.0494478 0.708363 0.799772 0.0905911 0.415946 0.685156 0.690043 0.0927713 0.010162 0.882646 0.298347 0.417043 0.516247 0.0293249 0.590001 0.620053 0.128601 0.253291 0.230725 0.196602 0.13794 0.676122 0.796639 0.646657 0.545808 0.417636 0.450989 0.764751 0.819477 0.215494 0.779869 0.278539 0.592453 0.606748 0.978125 0.812225 0.146783 0.652618 0.403484 0.971393 0.22058 0.665693 0.943933 0.948204 0.513835 0.0719417 0.830612 0.583586 0.783246 0.569678 0.918948 0.563525 0.497561 0.38093 0.721644 0.815369 0.584262 0.91592 0.0283673 0.894444 0.69704 0.130097 0.426903 0.555492 0.293526 0.833094 0.620562 0.704204 0.253811 0.998771 0.764572 0.364308 0.701612 0.367032 0.0368874 0.153912 0.0717627 0.242786 0.688298 0.204036 0.714381 0.445648 0.0245785 0.658343 0.669749 0.957886 0.872036 0.660312 
0.240489 0.901834 0.115747 0.367556 0.514668 0.0167438 0.412705 0.327499 0.28093 0.583021 0.826259 0.930085 0.935912 0.872381 0.109592 0.916494 0.515788 0.854533 0.133405 0.136231 0.637065 0.143851 0.683257 0.154141 0.0934018 0.00661062 0.0470612 0.163418 0.0590107 0.851921 0.474453 0.962926 0.279149 0.995981 0.92957 0.989081 0.357258 0.25574 0.140332 0.791754 0.0690816 0.461421 0.760786 0.565183 0.809845 0.416198 0.551611 0.207696 0.792227 0.637152 0.313054 0.243942 0.564602 0.863929 0.146211 0.224269 0.399828 0.0577796 0.798468 0.286034 0.354768 0.577677 0.104042 0.364029 0.39823 0.213907 0.777472 0.171469 0.956352 0.811305 0.259642 0.399428 0.366124 0.615946 0.339923 0.0680467 0.978068 0.548881 0.349696 0.201734 0.287748 0.293827 0.676755 0.468619 0.0265217 0.123829 0.103632 0.322266 0.0221855 0.584203 0.759432 0.167178 0.511062 0.298832 0.670935 0.907865 0.696321 0.865578 0.769486 0.925269 0.150221 0.546141 0.95432 0.146656 0.292101 0.803482 0.79376 0.556087 0.799912 0.337579 0.168437 0.929866 0.996918 0.706465 0.96642 0.803468 0.114887 0.500735 0.224734 0.228917 0.594946 0.00983887 0.0913753 0.773958 0.473407 0.185254 0.305533 0.858267 
0.630569 0.968442 0.600412 0.131947 0.628793 0.128038 0.927167 0.892666 0.0298451 0.606931 0.684658 0.0388291 0.600775 0.232868 0.806936 0.16727 0.299106 0.0683144 0.1602 0.484787 0.812857 0.683257 0.49272 0.651788 0.804005 0.10468 0.958102 0.572856 0.793451 0.239675 0.128442 0.892944 0.658178 0.457134 0.278163 0.481353 0.429996 0.228301 0.556064 0.00502913 0.0548166 0.0943737 0.522179 0.0249047 0.0716292 0.0438173 0.932119 0.741346 0.953951 0.612673 0.50384 0.941679 0.270016 0.0592292 0.360274 0.290116 0.91762 0.101024 0.853197 0.375422 0.58985 0.0167462 0.630555 0.235845 0.0576853 0.140768 0.98038 0.887032 0.407807 0.601114 0.8102 0.179883 0.451329 0.203636 0.0933842 0.660687 0.394334 0.0434472 0.34243 0.539542 0.181947 0.342339 0.220005 0.0844388 0.751065 0.190133 0.74454 0.332262 0.872399 0.702748 0.768161 0.761709 0.417918 0.472052 0.409783 0.484252 0.0682322 0.763316 0.753256 0.990827 0.765255 0.987831 0.252882 0.840663 0.333495 0.127377 0.722781 0.150696 0.125758 0.69091 0.916957 0.26486 0.203993 0.550002 0.621557 0.885104 0.909028 0.859242 0.110842 0.40049 0.254966 0.361846 0.744546 0.912525 0.546042 0.560921 0.0981937 0.894351 
0.938371 0.194742 0.0302937 0.145493 0.30218 0.730906 0.332748 0.487891 0.988146 0.764767 0.444876 0.0281228 0.659586 0.656879 0.167258 0.109731 0.248455 0.778219 0.527545 0.444013 0.527825 0.154141 0.651788 0.593987 0.90962 0.353425 0.81604 0.992865 0.535025 0.21216 0.728923 0.710977 0.991817 0.0530516 0.0880791 0.106438 0.934654 0.0570977 0.774702 0.524506 0.303003 0.138866 0.267045 0.572471 0.872053 0.436561 0.122612 0.798616 0.062874 0.191147 0.0427798 0.802661 0.163338 0.465693 0.132636 0.977149 0.442775 0.910055 0.682533 0.719137 0.605427 0.452846 0.742283 0.845665 0.516161 0.888973 0.245902 0.34326 0.0203991 0.923029 0.0273866 0.297886 0.487967 0.509548 0.507949 0.174241 0.566283 0.216343 0.214888 0.0801645 0.987493 0.695117 0.627214 0.162503 0.143677 0.55978 0.482461 0.319517 0.41583 0.0829519 0.484073 0.0482871 0.94674 0.779517 0.226064 0.818699 0.778658 0.0581362 0.968129 0.829354 0.646833 0.477515 0.195306 0.0297784 0.0433989 0.822965 0.780292 0.755282 0.611 0.122057 0.291897 0.494399 0.502778 0.89163 0.512473 0.939196 0.0263984 0.278511 0.926547 0.0333107 0.208674 0.538884 0.582466 0.80744 0.32713 0.407302 0.342033 0.363086 
0.0199055 0.551991 0.312989 0.407436 0.782501 0.495659 0.539436 0.29497 0.555356 0.863532 0.374031 0.333977 0.152191 0.866305 0.987988 0.110149 0.274053 0.0144928 0.579989 0.870389 0.619807 0.0934018 0.804005 0.90962 0.978863 0.00812916 0.176983 0.0873677 0.168194 0.768248 0.0166606 0.383388 0.464982 0.638973 0.345231 0.900731 0.728091 0.640198 0.416864 0.376586 0.563231 0.924907 0.219895 0.524481 0.598928 0.284097 0.740894 0.336637 0.722521 0.612155 0.000850542 0.322608 0.228028 0.906751 0.208259 0.939595 0.711405 0.299446 0.337946 0.537011 0.406581 0.984815 0.552948 0.0903062 0.113343 0.973765 0.87573 0.173171 0.848169 0.355805 0.287301 0.578316 0.264423 0.974791 0.0981699 0.467836 0.517316 0.0754498 0.62066 0.324831 0.80202 0.823732 0.592388 0.192632 0.771357 0.224276 0.721426 0.130198 0.858606 0.171795 0.819595 0.561919 0.855854 0.346773 0.454939 0.878669 0.908273 0.0948645 0.346759 0.948205 0.314719 0.592878 0.506869 0.485976 0.405539 0.57963 0.360194 0.0216636 0.0833056 0.410758 0.907001 0.365953 0.192968 0.619226 0.140426 0.0612762 0.677257 0.934901 0.470352 0.853283 0.185792 0.0208317 0.511283 0.650396 0.0796354 0.528428 0.540748 0.390625 
0.512551 0.446475 0.89939 0.0529167 0.371447 0.913758 0.527377 0.630692 0.0337345 0.975788 0.0648155 0.353456 0.541551 0.847888 0.449394 0.961115 0.456171 0.858274 0.0185558 0.867784 0.847088 0.00661062 0.10468 0.353425 0.00812916 0.626861 0.561559 0.389043 0.838745 0.939316 0.014469 0.606785 0.96069 0.225579 0.298357 0.591209 0.0188861 0.814627 0.230775 0.277915 0.219512 0.91632 0.777562 0.946996 0.186796 0.816497 0.208501 0.858854 0.412254 0.492443 0.295067 0.0807532 0.460115 0.763843 0.204796 0.764499 0.575994 0.784898 0.853315 0.546602 0.398417 0.780627 0.404951 0.776329 0.954885 0.0678892 0.390493 0.476587 0.183017 0.0167714 0.670644 0.760121 0.158031 0.305914 0.940735 0.925362 0.530581 0.085339 0.431013 0.437524 0.545823 0.455917 0.268805 0.562362 0.188603 0.412818 0.00367868 0.245598 0.59644 0.356725 0.940564 0.170172 0.339859 0.222031 0.154789 0.789189 0.338962 0.38818 0.971673 0.475561 0.481193 0.496213 0.939342 0.790337 0.892136 0.842214 0.783871 0.0998064 0.11676 0.618206 0.958221 0.568314 0.215912 0.32805 0.136381 0.86873 0.655188 0.886006 0.209677 0.127649 0.606013 0.117935 0.128486 0.212279 0.432745 0.297296 0.351838 0.229017 
0.774475 0.608748 0.231509 0.970521 0.554465 0.885974 0.562727 0.760733 0.635225 0.221052 0.224336 0.416761 0.499441 0.103751 0.74424 0.439634 0.926089 0.781586 0.118925 0.774786 0.827872 0.0470612 0.958102 0.81604 0.176983 0.561559 0.12168 0.650166 0.792024 0.0874606 0.180883 0.231686 0.32555 0.301772 0.48028 0.446826 0.418863 0.444098 0.630168 0.913369 0.334339 0.591246 0.47769 0.168724 0.474351 0.869029 0.279705 0.751969 0.752951 0.490608 0.190026 0.219522 0.158039 0.901746 0.00359387 0.931972 0.72792 0.780642 0.661063 0.747575 0.194831 0.999547 0.0159311 0.762331 0.757233 0.0132302 0.0116735 0.989516 0.961517 0.877521 0.516088 0.347697 0.0271875 0.489269 0.940661 0.550888 0.470344 0.293129 0.0334472 0.469122 0.651085 0.59893 0.801129 0.620296 0.858758 0.226591 0.827628 0.760837 0.375545 0.472638 0.0516976 0.082274 0.00939291 0.672836 0.530691 0.905934 0.927369 0.146659 0.910531 0.758457 0.408634 0.848612 0.51777 0.199742 0.129565 0.0854052 0.512001 0.446025 0.381363 0.195298 0.817007 0.649873 0.835393 0.528849 0.147959 0.742804 0.739897 0.0995929 0.0442062 0.395913 0.259815 0.135205 0.459014 0.766727 0.14877 0.65059 0.346773 0.0886221 
0.924671 0.949752 0.477922 0.431935 0.529306 0.0482018 0.127549 0.713588 0.272454 0.134334 0.75973 0.788174 0.846757 0.452174 0.684132 0.21142 0.340302 0.456332 0.571238 0.803589 0.919091 0.163418 0.572856 0.992865 0.0873677 0.389043 0.650166 0.341669 0.552079 0.949778 0.100882 0.939118 0.516422 0.874764 0.0717595 0.808957 0.837924 0.952811 0.242405 0.984431 0.231307 0.0769351 0.529378 0.737233 0.416894 0.766644 0.99452 0.337226 0.852658 0.645431 0.766728 0.506167 0.160924 0.638559 0.402102 0.656421 0.1461 0.257856 0.485402 0.484468 0.517773 0.389419 0.753178 0.498689 0.816765 0.360495 0.197099 0.791832 0.223194 0.488275 0.88328 0.744672 0.939736 0.152133 0.688943 0.782815 0.0728096 0.619996 0.146879 0.540831 0.780545 0.208115 0.576953 0.32279 0.150255 0.319836 0.951006 0.395203 0.782638 0.620746 0.88213 0.778613 0.866602 0.360732 0.328715 0.0266783 0.288903 0.905732 0.302081 0.384424 0.904394 0.627068 0.160446 0.0596803 0.598112 0.40564 0.20599 0.341747 0.564614 0.367598 0.443278 0.420675 0.450595 0.368851 0.754732 0.305068 0.452597 0.858386 0.973176 0.109242 0.711396 0.388803 0.650765 0.376594 0.370204 0.470474 0.208546 0.471138 
0.385907 0.932158 0.77224 0.034999 0.22827 0.533905 0.339061 0.598839 0.682779 0.46299 0.475311 0.558232 0.210435 0.773404 0.608702 0.447189 0.911083 0.567101 0.263003 0.29403 0.765875 0.0590107 0.793451 0.535025 0.168194 0.838745 0.792024 0.552079 0.795577 0.915878 0.526402 0.758272 0.498293 0.152663 0.0616992 0.132139 0.993932 0.896917 0.104518 0.329813 0.58017 0.0478177 0.263551 0.67869 0.730034 0.98973 0.891578 0.762537 0.617672 0.75633 0.390862 0.143446 0.65746 0.267733 0.132122 0.473859 0.500659 0.794117 0.145582 0.446965 0.217508 0.971752 0.663559 0.471208 0.365748 0.833076 0.638069 0.3182 0.217566 0.43662 0.292261 0.69647 0.144059 0.891695 0.0612583 0.779499 0.711367 0.264498 0.591842 0.742592 0.61291 0.783286 0.846726 0.130548 0.339656 0.481267 0.552072 0.175774 0.790233 0.880785 0.957466 0.1424 0.983019 0.826176 0.720604 0.382947 0.589934 0.634949 0.0671057 0.0152988 0.147411 0.12871 0.607703 0.0469876 0.466967 0.585042 0.0744587 0.746267 0.471506 0.224402 0.174285 0.291634 0.143646 0.276756 0.782713 0.271903 0.794491 0.893511 0.170905 0.0319722 0.427762 0.616385 0.412555 0.417694 0.0204433 0.263309 0.0332274 0.41007 
0.373031 0.537696 0.0635274 0.705868 0.518765 0.883197 0.898846 0.90501 0.507012 0.343673 0.110128 0.915872 0.0560806 0.546813 0.288451 0.994419 0.20728 0.760099 0.986988 0.299554 0.602776 0.851921 0.239675 0.21216 0.768248 0.939316 0.0874606 0.949778 0.915878 0.155022 0.229924 0.27392 0.815288 0.801883 0.978219 0.860552 0.0116003 0.490826 0.628815 0.16151 0.910792 0.672234 0.499132 0.736151 0.68875 0.395484 0.74441 0.95753 0.22098 0.638969 0.211082 0.895018 0.927805 0.78813 0.576267 0.148608 0.570333 0.725411 0.790364 0.139563 0.649716 0.227749 0.444391 0.600398 0.1182 0.510635 0.0306437 0.986903 0.62676 0.273006 0.024349 0.577851 0.20723 0.718768 0.568448 0.0409581 0.947302 0.416543 0.0916354 0.743264 0.181805 0.685791 0.929208 0.127881 0.599718 0.65672 0.680984 0.237981 0.445852 0.356398 0.127951 0.314089 0.604213 0.537062 0.195122 0.197224 0.0252866 0.588624 0.845904 0.126902 0.535801 0.2254 0.656575 0.720596 0.311754 0.805443 0.427476 0.513595 0.603694 0.521062 0.200909 0.494407 0.262705 0.43737 0.0562813 0.869267 0.00193957 0.244152 0.404016 0.357488 0.402212 0.58182 0.81709 0.178265 0.590461 0.428277 0.452762 0.0438046 
0.127929 0.110995 0.496625 0.769987 0.174617 0.785078 0.807968 0.521226 0.244401 0.64159 0.203223 0.574008 0.343845 0.00391206 0.749962 0.612752 0.515792 0.90895 0.715646 0.860036 0.631432 0.474453 0.128442 0.728923 0.0166606 0.014469 0.180883 0.100882 0.526402 0.229924 0.338733 0.768317 0.551547 0.254427 0.932629 0.289971 0.966809 0.316757 0.494867 0.503048 0.68282 0.241323 0.908466 0.491773 0.817119 0.892751 0.297166 0.202065 0.0113036 0.160135 0.646767 0.574438 0.620685 0.0975939 0.311355 0.660684 0.583257 0.975353 0.641321 0.638532 0.774979 0.769514 0.876122 0.889079 0.583651 0.24642 0.0284027 0.882386 0.952451 0.405256 0.234181 0.94888 0.921003 0.334981 0.900948 0.382959 0.297398 0.829672 0.116904 0.0299054 0.598792 0.0929938 0.197591 0.29933 0.456131 0.498545 0.292039 0.741128 0.441357 0.987973 0.465068 0.90175 0.0144432 0.393463 0.421127 0.751526 0.992105 0.00753416 0.108051 0.837095 0.21285 0.290545 0.0557782 0.0609784 0.641347 0.0741453 0.581787 0.992764 0.287048 0.481348 0.675364 0.50635 0.284676 0.883259 0.919227 0.774606 0.598385 0.458521 0.293812 0.30246 0.981297 0.654715 0.825391 0.0954853 0.884533 0.0541148 0.571999 0.223488 
0.509371 0.989939 0.89812 0.709069 0.330219 0.991622 0.18845 0.271071 0.890597 0.262741 0.896049 0.895055 0.181835 0.103718 0.182565 0.367192 0.398931 0.837568 0.0125978 0.730861 0.5769 0.962926 0.892944 0.710977 0.383388 0.606785 0.231686 0.939118 0.758272 0.27392 0.768317 0.103254 0.854029 0.14901 0.69096 0.544071 0.160849 0.738135 0.234835 0.728365 0.160179 0.913022 0.59279 0.224064 0.313733 0.457508 0.477145 0.105726 0.980363 0.382787 0.214676 0.587518 0.847556 0.260479 0.936348 0.112037 0.8056 0.752185 0.684763 0.813843 0.0738901 0.220858 0.978691 0.748152 0.415282 0.583019 0.363695 0.26625 0.842313 0.13512 0.871811 0.822098 0.29457 0.031775 0.240066 0.394872 0.370568 0.297966 0.798568 0.62032 0.890625 0.946704 0.908186 0.844154 0.190325 0.039352 0.303584 0.130256 0.894284 0.85958 0.397698 0.704293 0.74684 0.925478 0.877922 0.889567 0.31597 0.626554 0.0152502 0.0513645 0.367897 0.184624 0.464917 0.863438 0.123869 0.159703 0.0952866 0.385829 0.407762 0.0147128 0.834603 0.224695 0.557658 0.929477 0.447513 0.806416 0.0636361 0.360065 0.0943998 0.437614 0.66716 0.802605 0.353057 0.821169 0.348301 0.506872 0.579112 0.167815 
0.365579 0.29288 0.442131 0.893969 0.939054 0.674899 0.0240582 0.345987 9.22061e-05 0.549707 0.928968 0.165453 0.771272 0.773447 0.327444 0.351501 0.681452 0.160616 0.475018 0.629866 0.15525 0.279149 0.658178 0.991817 0.464982 0.96069 0.32555 0.516422 0.498293 0.815288 0.551547 0.854029 0.660758 0.409918 0.969042 0.208941 0.385205 0.828795 0.869722 0.627217 0.124555 0.167122 0.025865 0.844056 0.916424 0.33563 0.374405 0.938932 0.963738 0.503059 0.0558426 0.409115 0.869146 0.875876 0.201549 0.00549618 0.71308 0.968803 0.810476 0.254106 0.870845 0.956357 0.864044 0.183679 0.636678 0.808994 0.628283 0.862599 0.753314 0.962714 0.521844 0.00756442 0.83054 0.0431851 0.783641 0.606827 0.135561 0.919873 0.536633 0.723617 0.734225 0.261942 0.879837 0.697628 0.794489 0.389639 0.328168 0.207654 0.226032 0.960228 0.110369 0.0536156 0.14669 0.513961 0.229362 0.956424 0.501764 0.486355 0.310533 0.283552 0.25203 0.982527 0.856476 0.802699 0.869618 0.127344 0.481508 0.626985 0.250566 0.277854 0.164722 0.453748 0.560881 0.721717 0.350175 0.437033 0.532401 0.618979 0.577988 0.974697 0.958856 0.379382 0.833993 0.38437 0.894956 0.994346 0.126785 0.4616 
0.0325512 0.0875512 0.473728 0.953985 0.623359 0.801219 0.087403 0.982149 0.978365 0.379801 0.32117 0.908002 0.792467 0.995481 0.0451333 0.555297 0.881729 0.221584 0.157518 0.410441 0.281906 0.995981 0.457134 0.0530516 0.638973 0.225579 0.301772 0.874764 0.152663 0.801883 0.254427 0.14901 0.409918 0.485936 0.693267 0.670724 0.144965 0.56107 0.420179 0.630816 0.391544 0.818037 0.712816 0.0475003 0.339282 0.940716 0.620493 0.630424 0.543854 0.92026 0.546967 0.989104 0.728942 0.844842 0.433592 0.374261 0.728798 0.663916 0.67834 0.766933 0.287903 0.497944 0.979296 0.096273 0.647605 0.757724 0.546611 0.708386 0.949822 0.326781 0.628365 0.135252 0.887532 0.811474 0.655902 0.946374 0.378151 0.310075 0.197687 0.838368 0.12702 0.463268 0.416761 0.0280852 0.975956 0.669734 0.523165 0.043445 0.923074 0.554497 0.965235 0.117231 0.410838 0.14314 0.879681 0.62127 0.149985 0.175927 0.130414 0.663793 0.870014 0.329025 0.790559 0.9661 0.670547 0.265024 0.710952 0.741462 0.265176 0.896833 0.488326 0.145392 0.731362 0.905075 0.383727 0.21181 0.0708374 0.186734 0.247124 0.728211 0.496268 0.278064 0.912711 0.114116 0.526198 0.965345 0.867605 0.119187 
